100 100
69 27
91 77
9 67
85 21
89 9
7 75
17 89
71 27
81 69
79 21
1 75
9 89
89 15
5 75
47 29
85 73
1 69
9 81
79 83
19 31
43 19
11 77
85 25
21 89
47 21
19 27
11 7
41 31
91 29
83 25
27 93
5 35
3 75
49 25
71 17
91 5
91 15
29 45
5 87
83 3
11 43
11 73
81 13
13 93
77 23
15 75
85 9
87 7
25 25
7 53
11 89
1 25
81 5
31 69
69 73
13 85
25 11
25 71
7 15
29 75
95 25
69 7
39 21
3 73
3 21
95 19
15 39
65 77
35 31
1 47
77 29
11 91
29 57
65 29
91 91
41 5
77 31
21 85
57 9
3 23
47 5
79 9
1 91
19 77
19 71
21 75
27 63
17 21
71 9
21 21
21 29
31 61
29 93
9 77
71 87
59 19
29 71
29 25
93 7
17 23